# trip-vehicle assignment 
# 2732 links: trip_id vehicle_id cost assignment 
0 1 218.083 0
0 29 248.208 0
0 81 140.167 1
0 87 173.208 0
0 108 288.75 0
0 147 147.5 0
0 215 140.167 0
0 253 201.625 0
0 286 127.75 0
0 308 278.208 0
0 440 244.292 0
0 529 260.958 0
0 551 278.208 0
0 610 248.208 0
0 611 198.042 0
0 644 259.292 0
0 651 288.917 0
0 699 198.042 0
0 715 248.208 0
0 717 262.5 0
0 729 239.917 0
0 761 248.208 0
0 774 198.042 0
0 816 288.917 0
0 863 244.292 0
0 875 244.292 0
0 923 288.917 0
0 960 147.5 0
0 961 226.542 0
0 964 287.542 0
1 2 192.5 0
1 43 262.583 0
1 125 179.083 0
1 128 244.667 0
1 146 169.417 0
1 167 169.417 0
1 177 126.375 1
1 178 274.167 0
1 224 258.875 0
1 327 252.042 0
1 364 250.458 0
1 384 192.5 0
1 390 274.167 0
1 403 179.083 0
1 418 126.375 0
1 452 179.083 0
1 471 250.458 0
1 547 162.5 0
1 588 192.5 0
1 627 274.167 0
1 662 148.792 0
1 688 126.375 0
1 691 251.583 0
1 740 274.167 0
1 759 250.458 0
1 773 274.167 0
1 783 148.792 0
1 797 192.5 0
1 969 244.625 0
1 978 169.417 0
2 4 111.458 0
2 8 199.167 0
2 29 170.708 0
2 81 159.833 0
2 112 239.958 0
2 147 207.208 0
2 201 52.625 1
2 215 159.833 0
2 221 147.542 0
2 232 52.625 0
2 286 229.667 0
2 308 200.708 0
2 311 211.625 0
2 397 52.625 0
2 442 209.417 0
2 551 200.708 0
2 610 170.708 0
2 644 133.583 0
2 654 52.625 0
2 679 211.625 0
2 698 242.75 0
2 715 170.708 0
2 717 115.917 0
2 757 239.958 0
2 761 170.708 0
2 763 242.75 0
2 864 52.625 0
2 960 207.208 0
2 961 205.958 0
2 994 211.625 0
3 4 223.708 0
3 8 244.792 0
3 81 238.833 0
3 87 120.5 0
3 108 211.333 0
3 147 38.7917 1
3 215 238.833 0
3 253 92.9167 0
3 264 224.25 0
3 286 120.25 0
3 324 241.833 0
3 440 135.583 0
3 442 234.75 0
3 491 215.917 0
3 529 152.25 0
3 611 120.625 0
3 644 193.25 0
3 673 224.25 0
3 699 120.625 0
3 717 253.792 0
3 729 162.5 0
3 774 120.625 0
3 812 215.917 0
3 863 135.583 0
3 875 135.583 0
3 877 252.083 0
3 946 224.25 0
3 960 38.7917 0
3 961 160.5 0
3 964 195.958 0
4 4 184 0
4 8 219.125 0
4 29 92.9167 0
4 34 221.792 0
4 81 179.792 0
4 112 162.167 0
4 201 135.75 0
4 215 179.792 0
4 221 220.083 0
4 232 135.75 0
4 308 122.917 1
4 397 135.75 0
4 477 187.583 0
4 551 122.917 0
4 610 92.9167 0
4 631 212.458 0
4 644 153.542 0
4 651 192.042 0
4 654 135.75 0
4 698 164.958 0
4 715 92.9167 0
4 717 135.875 0
4 757 162.167 0
4 761 92.9167 0
4 763 164.958 0
4 816 192.042 0
4 839 187.583 0
4 864 135.75 0
4 923 192.042 0
4 961 225.917 0
5 4 181.792 0
5 29 197.333 0
5 81 230.167 0
5 201 122.958 0
5 215 230.167 0
5 221 175.875 0
5 232 122.958 0
5 308 93.375 0
5 311 262.875 0
5 397 122.958 0
5 402 218.375 0
5 477 31.125 1
5 551 93.375 0
5 610 197.333 0
5 631 182.917 0
5 644 203.917 0
5 654 122.958 0
5 679 262.875 0
5 698 135.417 0
5 715 197.333 0
5 717 186.25 0
5 735 239.167 0
5 742 239.167 0
5 761 197.333 0
5 763 135.417 0
5 791 218.375 0
5 839 31.125 0
5 864 122.958 0
5 965 218.375 0
5 994 262.875 0
6 4 295.375 0
6 25 209.75 0
6 201 236.542 0
6 221 289.458 0
6 232 236.542 0
6 308 206.958 0
6 309 823.542 0
6 397 236.542 0
6 402 257.833 0
6 477 144.708 0
6 551 206.958 0
6 564 181.083 0
6 631 85.8333 0
6 654 236.542 0
6 676 250.958 0
6 698 38.3333 0
6 711 544.958 0
6 717 299.833 0
6 735 147.583 0
6 742 147.583 0
6 763 38.3333 1
6 791 257.833 0
6 836 597.875 0
6 839 144.708 0
6 844 275.958 0
6 864 236.542 0
6 965 257.833 0
7 4 15.2083 1
7 8 137.208 0
7 29 212 0
7 77 200.208 0
7 81 201.125 0
7 201 93.9167 0
7 215 201.125 0
7 221 51.2917 0
7 232 93.9167 0
7 311 115.375 0
7 397 93.9167 0
7 402 154.75 0
7 420 200.208 0
7 442 147.458 0
7 477 161.708 0
7 644 174.875 0
7 654 93.9167 0
7 679 115.375 0
7 717 157.208 0
7 735 175.542 0
7 742 175.542 0
7 761 212 0
7 791 154.75 0
7 839 161.708 0
7 864 93.9167 0
7 920 200.208 0
7 938 200.208 0
7 955 200.208 0
7 965 154.75 0
7 994 115.375 0
8 4 186.875 0
8 8 207.958 0
8 81 202 0
8 87 104.5 0
8 108 174.5 0
8 147 22.7917 0
8 215 202 0
8 221 222.958 0
8 253 76.9167 0
8 264 208.25 0
8 286 83.4167 0
8 324 205 0
8 440 119.583 0
8 442 197.917 0
8 491 199.917 0
8 529 136.25 0
8 611 83.7917 0
8 644 156.417 0
8 673 208.25 0
8 699 83.7917 0
8 717 216.958 0
8 729 125.667 0
8 774 83.7917 0
8 812 199.917 0
8 863 119.583 0
8 875 119.583 0
8 946 208.25 0
8 960 22.7917 1
8 961 123.667 0
8 964 179.958 0
9 4 172.375 0
9 8 105.208 0
9 77 84.3333 0
9 108 180.083 0
9 201 251.083 0
9 221 132.083 0
9 232 251.083 0
9 311 83.375 1
9 397 251.083 0
9 402 178.208 0
9 420 84.3333 0
9 442 115.458 0
9 477 200.667 0
9 593 245.458 0
9 644 176.708 0
9 654 251.083 0
9 679 83.375 0
9 707 160.125 0
9 735 199 0
9 742 199 0
9 791 178.208 0
9 839 200.667 0
9 864 251.083 0
9 894 135.792 0
9 920 84.3333 0
9 938 84.3333 0
9 955 84.3333 0
9 965 178.208 0
9 977 175.75 0
9 994 83.375 0
10 4 748.833 0
10 201 631.167 0
10 232 631.167 0
10 397 631.167 0
10 654 631.167 0
10 698 691.5 0
10 717 757.75 0
10 763 691.5 0
10 864 631.167 0
11 4 362.167 0
12 4 621.417 0
12 8 663.583 0
12 81 651.667 0
12 87 415 0
12 108 596.667 0
12 147 251.583 0
12 215 651.667 0
12 253 359.833 0
12 264 622.5 0
12 286 414.5 0
12 324 657.667 0
12 440 445.167 0
12 442 643.5 0
12 491 605.833 0
12 529 478.5 0
12 611 415.25 0
12 644 560.5 0
12 673 622.5 0
12 699 415.25 0
12 717 681.583 0
12 729 499 0
12 774 415.25 0
12 812 605.833 0
12 863 445.167 0
12 875 445.167 0
12 946 622.5 0
12 960 251.583 0
12 961 495 0
12 964 565.917 0
13 4 596.75 0
13 201 421.5 0
13 221 668.917 0
13 232 421.5 0
13 397 421.5 0
13 477 237.833 0
13 654 421.5 0
13 839 237.833 0
13 864 421.5 0
14 4 266 0
14 221 338.167 0
15 4 911.375 0
16 6 104.667 1
17 6 190.667 0
17 13 254.333 0
17 19 248.5 0
17 33 220.667 0
17 45 296.667 0
17 107 254.333 0
17 297 254.333 0
17 303 254.333 0
17 337 160.667 0
17 358 289 0
17 396 248.5 0
17 464 289 0
17 508 220.667 0
17 538 153.208 0
17 581 248.5 0
17 604 47.875 1
17 605 47.875 0
17 623 254.333 0
17 624 109.125 0
17 641 183.167 0
17 646 289 0
17 668 248.5 0
17 895 220.667 0
17 919 254.333 0
17 971 109.125 0
17 982 248.5 0
17 998 248.5 0
18 11 562.417 0
18 689 76.5833 1
19 14 151.208 0
19 44 151.208 0
19 62 151.208 0
19 93 151.958 0
19 157 151.208 0
19 174 28.5833 0
19 184 151.208 0
19 191 182.667 0
19 226 58.5833 1
19 340 91.5 0
19 342 151.958 0
19 416 58.5833 0
19 476 143.292 0
19 492 91.5 0
19 536 58.5833 0
19 560 143.292 0
19 660 151.208 0
19 666 91.5 0
19 697 58.5833 0
19 701 58.5833 0
19 749 151.208 0
19 789 151.208 0
19 808 91.5 0
19 819 92.5417 0
19 841 91.5 0
19 896 151.958 0
19 905 58.5833 0
19 913 151.208 0
19 925 58.5833 0
19 962 142.75 0
20 15 84.125 1
21 15 257.167 0
21 74 287.167 0
21 125 182 0
21 152 147.542 0
21 156 147.542 0
21 177 247.208 0
21 218 266.417 0
21 256 168.875 0
21 341 276.292 0
21 364 144 1
21 370 90.3333 0
21 387 276.292 0
21 403 182 0
21 418 247.208 0
21 452 182 0
21 471 144 0
21 483 276.292 0
21 493 225.292 0
21 547 283.333 0
21 556 176.333 0
21 574 276.292 0
21 662 219.75 0
21 688 247.208 0
21 730 234.417 0
21 759 144 0
21 783 219.75 0
21 826 268.292 0
21 865 276.292 0
21 902 225.708 0
21 978 290.25 0
22 15 124.042 0
22 19 275.125 0
22 74 154.042 0
22 132 248.542 0
22 152 209.833 0
22 156 209.833 0
22 213 208.625 0
22 218 215.875 0
22 295 267.083 0
22 341 189.833 0
22 355 248.542 0
22 370 243.208 0
22 387 189.833 0
22 425 248.542 0
22 451 268.917 0
22 483 189.833 0
22 493 92.1667 1
22 510 177.958 0
22 556 43.2083 0
22 574 189.833 0
22 581 275.125 0
22 624 271.25 0
22 668 275.125 0
22 669 208.625 0
22 828 199 0
22 865 189.833 0
22 902 218.083 0
22 971 271.25 0
22 982 275.125 0
22 998 275.125 0
23 15 151.167 0
23 65 287.833 0
23 74 181.167 0
23 131 261.958 0
23 304 261.958 0
23 337 98.0417 0
23 341 94.5833 1
23 387 94.5833 0
23 395 261.958 0
23 415 261.958 0
23 423 140.25 0
23 432 261.958 0
23 483 94.5833 0
23 493 189.375 0
23 499 261.958 0
23 504 261.958 0
23 510 258.375 0
23 538 128.042 0
23 556 253.625 0
23 574 94.5833 0
23 604 203.458 0
23 605 203.458 0
23 624 217 0
23 641 255.917 0
23 770 261.958 0
23 782 261.958 0
23 801 279.75 0
23 828 242.875 0
23 865 94.5833 0
23 971 217 0
24 15 253.417 0
24 69 242.917 0
24 152 143.792 0
24 156 143.792 0
24 256 208.042 0
24 268 248.333 0
24 302 242.917 0
24 341 124.042 0
24 356 242.917 0
24 359 216.75 0
24 364 183.167 0
24 370 177.167 0
24 387 124.042 1
24 403 268.833 0
24 423 256.042 0
24 451 266.042 0
24 452 268.833 0
24 471 183.167 0
24 483 124.042 0
24 493 188.542 0
24 556 172.583 0
24 574 124.042 0
24 730 218.333 0
24 759 183.167 0
24 801 246.75 0
24 855 242.917 0
24 865 124.042 0
24 884 242.917 0
24 902 152.042 0
24 939 242.917 0
25 15 37.3333 0
25 19 188.417 0
25 21 224.125 0
25 45 212.958 0
25 74 67.3333 1
25 172 224.125 0
25 213 213.792 0
25 295 211.208 0
25 337 218.792 0
25 341 215.333 0
25 358 191.125 0
25 387 215.333 0
25 396 188.417 0
25 443 224.125 0
25 464 191.125 0
25 483 215.333 0
25 510 158.625 0
25 538 204.042 0
25 574 215.333 0
25 581 188.417 0
25 624 184.542 0
25 646 191.125 0
25 668 188.417 0
25 669 213.792 0
25 828 143.125 0
25 865 215.333 0
25 971 184.542 0
25 982 188.417 0
25 995 224.125 0
25 998 188.417 0
26 15 501.792 0
27 15 604.833 0
28 15 503.375 0
29 15 660.875 0
29 74 720.875 0
29 493 597.125 0
29 556 499.208 0
30 15 572.292 0
30 451 874.917 0
30 493 508.542 0
30 556 410.625 0
31 15 370.125 0
31 19 672.292 0
31 74 430.125 0
31 295 717.875 0
31 510 612.708 0
31 581 672.292 0
31 624 664.542 0
31 668 672.292 0
31 828 581.708 0
31 971 664.542 0
31 982 672.292 0
31 998 672.292 0
32 15 1163.42 0
33 17 215.958 0
33 51 215.958 0
33 719 215.958 1
34 17 215.958 0
34 51 215.958 0
34 719 215.958 0
35 17 179.958 0
35 51 179.958 0
35 719 179.958 0
36 17 250.208 0
36 51 250.208 0
36 82 243.375 0
36 515 184.5 0
36 719 250.208 0
37 17 209.958 0
37 51 209.958 1
37 719 209.958 0
38 17 249.75 0
38 46 207 0
38 51 249.75 0
38 56 267.917 0
38 61 95.3333 0
38 65 280.542 0
38 82 269.833 0
38 136 237 1
38 174 255.5 0
38 207 152.417 0
38 239 152.417 0
38 281 239.75 0
38 421 237.375 0
38 449 239.75 0
38 467 267.542 0
38 482 237 0
38 484 275.542 0
38 490 235.375 0
38 599 207 0
38 612 280.542 0
38 689 222.375 0
38 697 285.5 0
38 700 256.333 0
38 702 158.667 0
38 719 249.75 0
38 835 275.167 0
38 843 237.375 0
38 859 237 0
38 926 239.75 0
38 932 182.417 0
39 17 174.833 0
39 46 180.792 0
39 51 174.833 0
39 82 144.5 0
39 174 130.167 0
39 207 204.917 0
39 226 160.167 0
39 239 204.917 0
39 340 193.083 0
39 416 160.167 0
39 421 203.208 0
39 467 173.083 0
39 482 210.792 0
39 490 209.167 0
39 492 193.083 0
39 536 160.167 0
39 599 180.792 0
39 666 193.083 0
39 689 97.0417 0
39 697 160.167 0
39 701 160.167 0
39 719 174.833 0
39 808 193.083 0
39 819 194.125 0
39 841 193.083 0
39 843 203.208 0
39 905 160.167 0
39 925 160.167 0
39 932 87.9583 1
39 962 190.083 0
40 17 155.958 0
40 51 155.958 0
40 82 164.625 0
40 101 235.375 0
40 191 244.625 0
40 281 289.375 0
40 421 185.958 1
40 449 289.375 0
40 500 269.042 0
40 515 167.792 0
40 642 235.375 0
40 684 501.875 0
40 702 285.5 0
40 719 155.958 0
40 784 235.375 0
40 832 235.792 0
40 843 185.958 0
40 926 289.375 0
41 17 473.667 0
41 51 473.667 0
41 719 473.667 0
42 17 447.792 0
42 51 447.792 0
42 719 447.792 0
43 17 846.167 0
43 51 846.167 0
43 719 846.167 0
44 17 395.917 0
44 51 395.917 0
44 719 395.917 0
45 17 466.167 0
45 51 466.167 0
45 719 466.167 0
46 17 688.25 0
46 51 688.25 0
46 719 688.25 0
47 17 754.5 0
47 51 754.5 0
47 719 754.5 0
48 17 430.167 0
48 51 430.167 0
48 719 430.167 0
49 17 501.208 0
49 51 501.208 0
49 719 501.208 0
50 17 663.75 0
50 51 663.75 0
50 719 663.75 0
51 17 1062.12 0
51 51 1062.12 0
51 719 1062.12 0
52 17 1026.13 0
52 51 1026.13 0
52 719 1026.13 0
53 17 646.125 1
53 51 646.125 0
53 719 646.125 0
54 17 1241.83 0
54 51 1241.83 0
54 719 1241.83 0
55 17 1242.08 0
55 51 1242.08 0
55 719 1242.08 0
56 25 289.292 0
56 308 245.667 0
56 477 290.833 0
56 551 245.667 0
56 564 260.625 0
56 585 252 0
56 631 165.375 0
56 676 87.875 0
56 698 117.875 0
56 711 958.958 0
56 735 227.125 0
56 742 227.125 0
56 763 117.875 0
56 836 758.917 0
56 839 290.833 0
56 844 248.333 0
57 25 195.417 0
57 201 288.792 0
57 223 298.125 0
57 232 288.792 0
57 274 596.083 0
57 308 259.208 0
57 397 288.792 0
57 402 243.5 0
57 477 196.958 0
57 551 259.208 0
57 564 166.75 0
57 631 71.5 0
57 654 288.792 0
57 676 236.625 0
57 698 24 1
57 711 809.208 0
57 735 133.25 0
57 742 133.25 0
57 763 24 0
57 791 243.5 0
57 839 196.958 0
57 844 261.625 0
57 864 288.792 0
57 965 243.5 0
58 25 260.417 0
58 26 114.875 0
58 67 114.875 0
58 100 91.9583 1
58 120 114.875 0
58 200 91.9583 0
58 206 91.9583 0
58 262 91.9583 0
58 315 222.208 0
58 340 238.417 0
58 408 114.875 0
58 445 135.125 0
58 476 257.542 0
58 492 238.417 0
58 560 257.542 0
58 564 221.292 0
58 609 114.875 0
58 666 238.417 0
58 695 108.708 0
58 708 276.833 0
58 808 238.417 0
58 817 175.208 0
58 819 231.708 0
58 823 114.875 0
58 841 238.417 0
58 844 284.833 0
58 872 175.208 0
58 933 175.208 0
58 962 281.917 0
58 981 114.875 0
59 27 95.2083 1
60 27 236.292 0
60 46 140.542 0
60 61 221 0
60 65 214.083 0
60 69 191.25 0
60 136 170.542 0
60 207 262.5 0
60 239 262.5 0
60 257 195.792 0
60 302 191.25 0
60 325 261.625 0
60 356 191.25 0
60 359 184.792 0
60 395 266.292 0
60 430 195.792 0
60 467 97.75 1
60 482 170.542 0
60 484 209.083 0
60 490 168.917 0
60 599 140.542 0
60 601 100.333 0
60 612 214.083 0
60 730 204.875 0
60 801 214.792 0
60 849 195.792 0
60 855 191.25 0
60 859 170.542 0
60 884 191.25 0
60 932 208.667 0
60 939 191.25 0
61 27 151.25 0
61 46 225.375 0
61 65 269.167 0
61 69 240.417 0
61 131 181.25 0
61 136 255.375 0
61 257 280.625 0
61 302 240.417 0
61 304 181.25 0
61 356 240.417 0
61 359 42.9583 0
61 395 181.25 0
61 415 181.25 0
61 432 181.25 0
61 467 182.583 0
61 482 255.375 0
61 490 251.958 0
61 499 181.25 0
61 504 181.25 0
61 599 225.375 0
61 601 185.167 0
61 612 269.167 0
61 730 215.833 0
61 770 181.25 0
61 782 181.25 0
61 801 72.9583 1
61 855 240.417 0
61 859 255.375 0
61 884 240.417 0
61 939 240.417 0
62 29 161.792 0
62 610 161.792 1
62 715 161.792 0
62 761 161.792 0
63 29 225.417 1
63 343 761.917 0
63 585 169.583 0
63 610 225.417 0
63 715 225.417 0
63 761 225.417 0
64 29 100.083 0
64 610 100.083 0
64 715 100.083 1
64 761 100.083 0
65 29 205.417 0
65 343 477.375 0
65 585 149.583 0
65 610 205.417 0
65 715 205.417 0
65 761 205.417 1
66 29 196 0
66 31 256.875 0
66 34 172.417 0
66 86 202.417 0
66 103 256.875 0
66 112 102.375 0
66 137 202.417 0
66 143 202.417 0
66 201 238.833 0
66 210 202.417 0
66 232 238.833 0
66 289 256.875 0
66 308 226 0
66 397 238.833 0
66 551 226 0
66 585 275 0
66 610 196 0
66 639 202.417 0
66 651 142.667 0
66 654 238.833 0
66 698 268.042 0
66 715 196 0
66 717 258.125 0
66 757 102.375 0
66 761 196 0
66 763 268.042 0
66 816 142.667 0
66 864 238.833 0
66 883 202.417 0
66 923 142.667 0
67 29 156.125 0
67 34 237.958 0
67 86 186.417 0
67 112 62.5 0
67 137 186.417 0
67 143 186.417 0
67 201 198.958 0
67 210 186.417 0
67 232 198.958 0
67 308 186.125 0
67 397 198.958 0
67 477 250.792 0
67 551 186.125 1
67 585 259 0
67 610 156.125 0
67 639 186.417 0
67 644 238.5 0
67 651 208.208 0
67 654 198.958 0
67 698 228.167 0
67 715 156.125 0
67 717 218.25 0
67 757 62.5 0
67 761 156.125 0
67 763 228.167 0
67 816 208.208 0
67 839 250.792 0
67 864 198.958 0
67 883 186.417 0
67 923 208.208 0
68 29 134.667 0
68 34 216.958 0
68 81 240.708 0
68 86 246.958 0
68 112 41.0417 0
68 137 246.958 0
68 201 177.5 0
68 210 246.958 0
68 215 240.708 0
68 232 177.5 0
68 308 164.667 0
68 397 177.5 0
68 477 229.333 0
68 551 164.667 0
68 610 134.667 0
68 639 246.958 0
68 644 217.042 0
68 651 187.208 0
68 654 177.5 0
68 698 206.708 0
68 715 134.667 0
68 717 196.792 0
68 757 41.0417 0
68 761 134.667 0
68 763 206.708 0
68 816 187.208 0
68 839 229.333 0
68 864 177.5 0
68 883 246.958 0
68 923 187.208 0
69 29 226.958 0
69 81 253.792 0
69 87 35.4583 0
69 147 119.958 0
69 215 253.792 0
69 252 200.958 0
69 253 174.083 0
69 264 170.542 0
69 286 173.792 0
69 440 216.75 0
69 469 217.042 0
69 529 233.417 0
69 551 256.958 0
69 610 226.958 0
69 611 180.958 0
69 644 253.583 0
69 665 200.958 0
69 673 170.542 0
69 699 180.958 0
69 715 226.958 0
69 717 241.25 0
69 729 222.833 0
69 761 226.958 0
69 774 180.958 0
69 863 216.75 0
69 875 216.75 0
69 946 170.542 0
69 960 119.958 0
69 961 220.833 0
69 964 149.792 1
70 29 182 0
70 31 242.875 0
70 34 158.417 0
70 86 188.417 0
70 103 242.875 0
70 112 88.375 0
70 137 188.417 0
70 143 188.417 0
70 201 224.833 0
70 210 188.417 0
70 232 224.833 0
70 289 242.875 0
70 308 212 0
70 397 224.833 0
70 551 212 0
70 585 261 0
70 610 182 0
70 639 188.417 0
70 651 128.667 1
70 654 224.833 0
70 698 254.042 0
70 715 182 0
70 717 244.125 0
70 757 88.375 0
70 761 182 0
70 763 254.042 0
70 816 128.667 0
70 864 224.833 0
70 883 188.417 0
70 923 128.667 0
71 29 151.375 0
71 34 221.833 0
71 81 140.667 0
71 87 173.708 0
71 112 220.625 0
71 147 148 0
71 201 194.208 0
71 215 140.667 1
71 232 194.208 0
71 253 202.125 0
71 286 128.25 0
71 308 181.375 0
71 397 194.208 0
71 551 181.375 0
71 610 151.375 0
71 611 198.542 0
71 644 212 0
71 651 192.083 0
71 654 194.208 0
71 699 198.542 0
71 715 151.375 0
71 717 165.667 0
71 757 220.625 0
71 761 151.375 0
71 763 223.417 0
71 774 198.542 0
71 816 192.083 0
71 864 194.208 0
71 923 192.083 0
71 960 148 0
72 29 466.458 0
72 610 466.458 0
72 715 466.458 0
72 761 466.458 0
73 29 803.583 0
73 610 803.583 0
73 715 803.583 0
73 761 803.583 0
74 29 603.583 0
74 585 491.917 0
74 610 603.583 0
74 715 603.583 0
74 761 603.583 0
75 29 359.708 0
75 610 359.708 0
75 715 359.708 0
75 761 359.708 0
76 29 645.917 0
76 610 645.917 0
76 715 645.917 0
76 761 645.917 0
77 29 389.792 0
77 610 389.792 0
77 715 389.792 0
77 761 389.792 0
78 29 458.042 0
78 610 458.042 0
78 715 458.042 0
78 761 458.042 0
79 29 580.25 0
79 610 580.25 0
79 715 580.25 0
79 761 580.25 0
80 29 723.583 0
80 34 676.417 0
80 86 736.417 0
80 112 536.333 0
80 137 736.417 0
80 143 736.417 0
80 210 736.417 0
80 308 783.583 0
80 551 783.583 0
80 610 723.583 0
80 639 736.417 0
80 651 616.917 0
80 715 723.583 0
80 757 536.333 0
80 761 723.583 0
80 816 616.917 0
80 883 736.417 0
80 923 616.917 0
81 29 330.667 0
81 34 495.25 0
81 112 143.417 0
81 201 416.333 0
81 232 416.333 0
81 308 390.667 0
81 397 416.333 0
81 551 390.667 0
81 610 330.667 0
81 651 435.75 0
81 654 416.333 0
81 698 474.75 0
81 715 330.667 0
81 717 454.917 0
81 757 143.417 1
81 761 330.667 0
81 763 474.75 0
81 816 435.75 0
81 864 416.333 0
81 923 435.75 0
82 29 517.083 0
82 112 655.583 0
82 201 602.75 0
82 232 602.75 0
82 308 577.083 0
82 397 602.75 0
82 551 577.083 0
82 610 517.083 0
82 654 602.75 0
82 698 661.167 0
82 715 517.083 0
82 717 603 0
82 757 655.583 0
82 761 517.083 0
82 763 661.167 0
82 864 602.75 0
83 29 698.792 0
83 81 619.375 0
83 215 619.375 0
83 308 758.792 0
83 551 758.792 0
83 610 698.792 0
83 715 698.792 0
83 717 784.708 0
83 761 698.792 0
84 29 648.5 0
84 112 706.417 0
84 201 734.167 0
84 232 734.167 0
84 308 708.5 0
84 397 734.167 0
84 551 708.5 0
84 610 648.5 0
84 644 769.75 0
84 654 734.167 0
84 698 792.583 0
84 715 648.5 0
84 717 734.417 0
84 757 706.417 0
84 761 648.5 0
84 763 792.583 0
84 864 734.167 0
85 29 725.625 0
85 34 678.458 0
85 86 738.458 0
85 112 538.375 0
85 137 738.458 0
85 143 738.458 0
85 210 738.458 0
85 308 785.625 0
85 551 785.625 0
85 610 725.625 0
85 639 738.458 0
85 651 618.958 0
85 715 725.625 0
85 757 538.375 0
85 761 725.625 0
85 816 618.958 0
85 883 738.458 0
85 923 618.958 0
86 29 665.708 0
86 81 839.458 0
86 112 703.292 0
86 201 751.375 0
86 215 839.458 0
86 232 751.375 0
86 308 725.708 0
86 397 751.375 0
86 551 725.708 0
86 610 665.708 0
86 644 786.958 0
86 654 751.375 0
86 698 809.792 0
86 715 665.708 0
86 717 751.625 0
86 757 703.292 0
86 761 665.708 0
86 763 809.792 0
86 864 751.375 0
87 29 1156.37 0
87 610 1156.37 0
87 715 1156.37 0
87 761 1156.37 0
88 29 1021.71 0
88 610 1021.71 0
88 715 1021.71 0
88 761 1021.71 0
89 29 1440.83 0
89 610 1440.83 0
89 715 1440.83 0
89 761 1440.83 0
90 29 1053.92 0
90 610 1053.92 0
90 715 1053.92 0
90 761 1053.92 0
91 29 1158.42 0
91 610 1158.42 0
91 715 1158.42 0
91 761 1158.42 0
92 31 126.208 0
92 103 126.208 0
92 289 126.208 1
93 31 211.333 0
93 79 191.25 0
93 103 211.333 1
93 138 323.167 0
93 289 211.333 0
93 306 578.917 0
93 497 209.875 0
93 671 209.875 0
94 31 95.5417 1
94 103 95.5417 0
94 289 95.5417 0
95 31 241.875 0
95 78 271.875 0
95 103 241.875 0
95 111 194.25 0
95 173 175.333 0
95 280 286.708 0
95 289 241.875 0
95 310 271.875 0
95 378 205.333 0
95 383 473.292 0
95 388 205.333 0
95 394 271.875 0
95 463 271.875 0
95 473 186.708 0
95 585 203.083 0
95 677 271.875 0
95 706 201.25 0
95 708 221.333 0
95 780 205.333 0
95 798 269.333 0
95 844 276.458 0
95 941 758.25 0
95 958 205.333 1
96 31 196.167 0
96 34 271.875 0
96 78 226.167 0
96 86 254.333 0
96 103 196.167 0
96 111 236.75 0
96 137 254.333 0
96 143 254.333 0
96 173 217.833 0
96 210 254.333 0
96 280 112.833 0
96 289 196.167 0
96 310 226.167 0
96 378 247.833 0
96 388 247.833 0
96 394 226.167 0
96 463 226.167 0
96 473 152.208 0
96 497 258.792 0
96 639 254.333 0
96 651 265.917 0
96 671 258.792 0
96 677 226.167 0
96 706 166.75 0
96 708 263.833 0
96 780 247.833 0
96 816 265.917 0
96 883 254.333 0
96 923 265.917 0
96 958 247.833 0
97 31 169.375 0
97 34 298.292 0
97 78 199.375 0
97 79 144.292 0
97 90 248 0
97 103 169.375 0
97 138 404.083 0
97 140 64.0417 1
97 280 257.75 0
97 289 169.375 0
97 306 650.042 0
97 310 199.375 0
97 383 770.125 0
97 394 199.375 0
97 447 435.75 0
97 463 199.375 0
97 469 123.667 0
97 473 297.125 0
97 516 270.167 0
97 576 275 0
97 617 275 0
97 651 268.542 0
97 677 199.375 0
97 680 64.0417 0
97 779 238.625 0
97 816 268.542 0
97 923 268.542 0
98 31 766.125 0
98 103 766.125 0
98 289 766.125 0
99 31 264.917 0
99 103 264.917 0
99 289 264.917 0
100 32 92.9583 1
101 32 178.375 0
101 97 105.667 0
101 98 105.667 0
101 102 62.625 1
101 115 105.667 0
101 204 197.333 0
101 205 157.208 0
101 211 100.792 0
101 273 105.667 0
101 305 153.458 0
101 336 197.333 0
101 369 105.667 0
101 382 197.333 0
101 405 197.333 0
101 426 62.625 0
101 427 177.667 0
101 436 62.625 0
101 542 105.667 0
101 563 183.458 0
101 659 62.625 0
101 733 197.333 0
101 739 105.667 0
101 753 183.458 0
101 754 197.333 0
101 776 184.542 0
101 852 183.458 0
101 929 183.458 0
101 934 105.667 0
101 957 190.875 0
101 972 197.333 0
102 32 189.708 0
102 47 199.75 0
102 57 165.583 0
102 63 199.75 0
102 97 117 0
102 98 117 0
102 102 73.9583 0
102 115 117 0
102 154 199.75 0
102 187 198.875 0
102 189 177.625 0
102 211 58.875 1
102 254 199.75 0
102 273 117 0
102 307 199.75 0
102 319 177.625 0
102 369 117 0
102 426 73.9583 0
102 436 73.9583 0
102 461 165.583 0
102 542 117 0
102 659 73.9583 0
102 739 117 0
102 776 192.25 0
102 790 125.583 0
102 793 165.583 0
102 850 198.875 0
102 901 165.583 0
102 916 177.625 0
102 934 117 0
103 32 1024.17 0
104 32 976.792 0
105 32 684.625 0
105 97 539.208 0
105 98 539.208 0
105 102 453.125 0
105 115 539.208 0
105 211 529.458 0
105 273 539.208 0
105 369 539.208 0
105 426 453.125 0
105 436 453.125 0
105 542 539.208 0
105 659 453.125 0
105 739 539.208 0
105 934 539.208 0
106 34 70.1667 1
107 34 662.917 0
108 34 745.625 0
109 34 638.917 0
110 34 446.958 0
111 34 625.458 0
112 34 1311.37 0
113 34 1118.96 0
114 36 170.667 0
114 70 170.667 0
114 179 296.208 0
114 181 296.208 0
114 195 225.208 0
114 197 170.667 0
114 242 183.042 0
114 250 296.208 0
114 318 228.583 0
114 334 84.5 0
114 346 225.208 0
114 349 225.208 0
114 386 205.458 0
114 393 114.5 0
114 410 226.5 0
114 450 225.208 0
114 472 114.5 1
114 495 274.333 0
114 512 228.583 0
114 526 183.042 0
114 557 296.208 0
114 625 170.667 0
114 709 170.667 0
114 750 167.542 0
114 772 228.583 0
114 799 170.667 0
114 857 265.667 0
114 892 226.5 0
114 910 278.083 0
115 36 274.542 0
115 70 274.542 0
115 197 274.542 0
115 242 248.25 0
115 334 159.542 0
115 386 280.5 0
115 393 189.542 1
115 410 206.417 0
115 472 189.542 0
115 526 248.25 0
115 625 274.542 0
115 709 274.542 0
115 750 242.583 0
115 799 274.542 0
115 857 245.583 0
115 892 206.417 0
115 910 258 0
116 43 42.5417 1
117 43 485.5 0
118 46 68.8333 0
118 599 68.8333 1
119 46 158.292 1
119 61 115.5 0
119 599 158.292 0
120 46 207.333 0
120 56 176.708 0
120 61 140.667 0
120 65 96.0833 0
120 136 237.333 0
120 207 197.75 0
120 239 197.75 0
120 281 225.042 0
120 373 238.417 0
120 401 238.417 0
120 410 237.583 0
120 449 225.042 0
120 482 237.333 0
120 484 90.25 0
120 490 214.458 0
120 599 207.333 0
120 612 96.0833 0
120 657 238.417 0
120 664 238.417 0
120 700 136.667 0
120 702 177.917 0
120 723 8 1
120 727 8 0
120 835 191.167 0
120 857 151.917 0
120 859 237.333 0
120 892 237.583 0
120 926 225.042 0
120 932 227.75 0
120 952 238.417 0
121 46 389.083 0
121 599 389.083 0
122 46 643.042 0
122 599 643.042 0
123 46 351.417 0
123 599 351.417 0
124 46 719.917 0
124 61 634.333 0
124 599 719.917 0
125 52 190.75 0
125 320 190.75 1
126 52 162.25 1
126 320 162.25 0
127 56 105.25 1
127 700 93.6667 0
128 56 775.083 0
128 700 751.917 0
129 59 111.958 1
129 894 105.208 0
130 61 72.4583 0
130 207 129.542 0
130 239 129.542 1
131 61 72.4583 1
132 61 54.4583 0
132 207 111.542 1
132 239 111.542 0
133 61 109.833 0
133 702 147.083 0
133 835 160.333 1
134 61 194.833 0
134 65 54.5 0
134 85 197.667 0
134 109 197.667 0
134 114 197.667 0
134 124 197.667 0
134 136 176.208 0
134 155 197.667 0
134 164 197.667 0
134 265 197.667 0
134 373 197.667 0
134 401 197.667 0
134 410 196.833 0
134 437 197.667 0
134 482 176.208 0
134 484 49.5 1
134 490 146.208 0
134 612 54.5 0
134 657 197.667 0
134 664 197.667 0
134 675 197.667 0
134 700 188.583 0
134 723 128.583 0
134 727 128.583 0
134 848 197.667 0
134 856 197.667 0
134 857 111.167 0
134 859 176.208 0
134 892 196.833 0
134 952 197.667 0
135 61 508.125 0
136 61 577.417 0
137 61 661.292 0
138 61 534.25 0
138 207 648.417 0
138 239 648.417 0
139 61 660.833 0
140 61 397.625 0
141 61 597.167 0
142 61 458.25 0
143 61 533.208 0
144 61 508.5 0
145 61 451.833 0
145 702 526.333 0
145 835 552.833 0
146 61 741.292 0
147 61 616.5 0
147 65 527.333 0
147 484 515.667 0
147 490 838.083 0
147 612 527.333 0
147 700 608.5 0
147 723 351.167 0
147 727 351.167 0
147 857 639 0
148 61 1139.5 0
149 61 1021.33 0
150 62 240.292 0
150 82 225.792 0
150 93 180.292 0
150 157 240.292 0
150 174 117.667 0
150 191 132.958 0
150 226 147.667 0
150 249 176.333 0
150 340 180.583 0
150 342 180.292 0
150 363 171.333 0
150 416 147.667 0
150 476 232.375 0
150 492 180.583 0
150 500 157.375 0
150 536 147.667 1
150 560 232.375 0
150 666 180.583 0
150 689 144.583 0
150 697 147.667 0
150 701 147.667 0
150 749 240.292 0
150 808 180.583 0
150 819 181.625 0
150 841 180.583 0
150 896 180.292 0
150 905 147.667 0
150 925 147.667 0
150 962 231.833 0
150 979 171.333 0
151 62 596.083 0
151 93 476.083 0
151 157 596.083 0
151 174 350.833 0
151 191 381.417 0
151 226 410.833 0
151 340 476.667 0
151 342 476.083 0
151 416 410.833 0
151 476 580.25 0
151 492 476.667 0
151 536 410.833 0
151 560 580.25 0
151 666 476.667 0
151 697 410.833 0
151 701 410.833 0
151 749 596.083 0
151 808 476.667 0
151 819 478.75 0
151 841 476.667 0
151 896 476.083 0
151 905 410.833 0
151 925 410.833 0
151 962 579.167 0
152 65 82.7917 0
152 612 82.7917 1
153 65 146.667 1
153 612 146.667 0
154 65 505.792 0
154 612 505.792 0
155 65 672.917 0
155 612 672.917 0
156 65 188.875 0
156 612 188.875 0
157 65 538.917 0
157 612 538.917 0
158 65 362.417 0
158 612 362.417 0
159 65 539.125 0
159 612 539.125 0
160 65 666.667 0
160 484 656.667 0
160 612 666.667 0
161 65 890.708 0
161 612 890.708 0
162 65 1218.08 0
162 612 1218.08 0
163 66 155.292 0
163 97 188.25 0
163 98 188.25 0
163 102 145.208 0
163 115 188.25 0
163 129 163.333 0
163 205 40.25 0
163 211 183.375 0
163 238 163.333 0
163 273 188.25 0
163 305 95.0833 0
163 323 163.333 0
163 366 155.292 0
163 369 188.25 0
163 426 145.208 0
163 436 145.208 0
163 455 155.292 0
163 474 163.333 0
163 542 188.25 0
163 563 70.25 1
163 580 155.292 0
163 659 145.208 0
163 667 187.458 0
163 753 70.25 0
163 786 163.333 0
163 852 70.25 0
163 870 187.458 0
163 917 187.458 0
163 929 70.25 0
163 944 155.292 0
164 66 168.25 0
164 97 176.375 0
164 98 176.375 0
164 102 133.333 0
164 115 176.375 0
164 129 176.292 0
164 205 53.2083 0
164 211 171.5 0
164 238 176.292 0
164 273 176.375 0
164 305 108.042 0
164 323 176.292 0
164 366 168.25 0
164 369 176.375 0
164 426 133.333 0
164 436 133.333 0
164 455 168.25 0
164 474 176.292 0
164 542 176.375 0
164 563 83.2083 0
164 580 168.25 0
164 659 133.333 0
164 739 176.375 0
164 753 83.2083 1
164 786 176.292 0
164 852 83.2083 0
164 917 200.417 0
164 929 83.2083 0
164 934 176.375 0
164 944 168.25 0
165 66 624.958 0
165 97 690.875 0
165 98 690.875 0
165 102 604.792 0
165 115 690.875 0
165 129 641.042 0
165 205 394.875 0
165 211 681.125 0
165 238 641.042 0
165 273 690.875 0
165 305 504.542 0
165 323 641.042 0
165 366 624.958 0
165 369 690.875 0
165 426 604.792 0
165 436 604.792 0
165 455 624.958 0
165 474 641.042 0
165 542 690.875 0
165 563 454.875 0
165 580 624.958 0
165 659 604.792 0
165 753 454.875 0
165 786 641.042 0
165 852 454.875 0
165 917 689.292 0
165 929 454.875 0
165 944 624.958 0
166 69 229.167 0
166 125 213.458 0
166 152 198.333 0
166 156 198.333 0
166 256 150.708 0
166 302 229.167 0
166 337 297 0
166 341 148 0
166 356 229.167 0
166 359 240.708 0
166 364 125.833 0
166 370 184.708 0
166 387 148 0
166 403 213.458 0
166 423 280 0
166 452 213.458 0
166 471 125.833 1
166 483 148 0
166 493 212.5 0
166 556 227.125 0
166 574 148 0
166 730 204.583 0
166 759 125.833 0
166 801 270.708 0
166 826 250.125 0
166 855 229.167 0
166 865 148 0
166 884 229.167 0
166 902 159.583 0
166 939 229.167 0
167 79 180.292 1
167 306 670 0
168 79 776.5 0
168 138 1167.13 0
169 79 524.833 0
170 81 514.667 0
170 215 514.667 0
171 81 847.708 0
171 87 913.792 0
171 215 847.708 0
171 286 822.875 0
172 81 759.833 0
172 87 564.833 0
172 147 401.417 0
172 215 759.833 0
172 253 509.667 0
172 264 835 0
172 286 522.667 0
172 440 595 0
172 529 628.333 0
172 611 523.417 0
172 644 668.667 0
172 673 835 0
172 699 523.417 0
172 729 607.167 0
172 774 523.417 0
172 863 595 0
172 875 595 0
172 946 835 0
172 960 401.417 0
172 961 603.167 0
172 964 715.75 0
173 82 120.375 1
174 82 120.375 0
174 515 135.083 1
175 82 496.083 0
176 82 506.917 0
177 82 744.667 0
178 82 564.083 0
179 82 299.917 0
179 515 329.333 0
180 82 718.292 0
180 174 689.625 0
180 467 775.458 0
180 689 623.375 0
180 697 749.625 0
180 932 605.208 0
181 82 865.042 0
182 85 168.583 0
182 109 168.583 0
182 114 168.583 0
182 124 168.583 0
182 131 224.542 0
182 155 168.583 0
182 164 168.583 0
182 248 168.583 0
182 265 168.583 0
182 304 224.542 0
182 373 168.583 0
182 401 168.583 0
182 415 224.542 0
182 423 219.042 0
182 432 224.542 0
182 437 168.583 0
182 495 117.833 1
182 499 224.542 0
182 504 224.542 0
182 600 150.75 0
182 657 168.583 0
182 664 168.583 0
182 675 168.583 0
182 722 150.75 0
182 770 224.542 0
182 782 224.542 0
182 848 168.583 0
182 856 168.583 0
182 857 183.958 0
182 952 168.583 0
183 87 58.4583 1
184 87 219.333 0
185 87 407.333 0
186 87 551.625 0
187 87 336.875 0
188 87 667.333 0
188 147 503.917 0
188 253 612.167 0
188 286 666.833 0
188 440 697.5 0
188 529 730.833 0
188 611 667.583 0
188 699 667.583 0
188 729 751.333 0
188 774 667.583 0
188 863 697.5 0
188 875 697.5 0
188 960 503.917 0
188 961 747.333 0
189 87 550.208 0
189 147 386.792 0
189 253 495.042 0
189 286 549.708 0
189 611 550.458 0
189 699 550.458 0
189 774 550.458 0
189 960 386.792 0
190 87 522.125 0
190 147 358.708 0
190 253 466.958 0
190 286 479.958 0
190 611 480.708 0
190 644 625.958 0
190 699 480.708 0
190 774 480.708 0
190 960 358.708 0
191 87 1010.58 0
192 87 837.375 0
193 87 959.958 0
194 87 1206.63 0
194 147 961.5 0
194 253 1123.88 0
194 286 1174.5 0
194 611 1175.63 0
194 699 1175.63 0
194 774 1175.63 0
194 960 961.5 0
195 90 75.4167 1
196 90 587.292 0
197 97 682.125 0
197 98 682.125 0
197 102 596.042 0
197 115 682.125 0
197 205 585.542 0
197 211 672.375 0
197 273 682.125 0
197 305 695.208 0
197 369 682.125 0
197 426 596.042 0
197 436 596.042 0
197 542 682.125 0
197 563 645.542 0
197 659 596.042 0
197 753 645.542 0
197 852 645.542 0
197 929 645.542 0
198 100 121.708 0
198 119 272.583 0
198 174 269.958 0
198 200 121.708 1
198 206 121.708 0
198 224 225.708 0
198 226 270.375 0
198 227 90.9583 0
198 262 121.708 0
198 340 220.667 0
198 416 270.375 0
198 445 171.042 0
198 476 272.458 0
198 492 220.667 0
198 536 270.375 0
198 560 272.458 0
198 666 220.667 0
198 695 138.458 0
198 697 270.375 0
198 701 270.375 0
198 808 220.667 0
198 817 211.125 0
198 819 213.958 0
198 841 220.667 0
198 872 211.125 0
198 905 270.375 0
198 925 270.375 0
198 933 211.125 0
198 962 264.167 0
198 973 272.583 0
199 100 255.417 0
199 111 281.208 0
199 119 122.917 1
199 142 746.125 0
199 146 259.125 0
199 167 259.125 0
199 200 255.417 0
199 206 255.417 0
199 224 163.125 0
199 227 283.083 0
199 262 255.417 0
199 315 251.792 0
199 321 663.917 0
199 445 138.542 0
199 695 272.167 0
199 708 280.25 0
199 734 265.25 0
199 798 272.625 0
199 817 178.625 0
199 872 178.625 0
199 933 178.625 0
199 973 122.917 0
199 978 259.125 0
200 102 778.125 0
200 205 661.708 0
200 305 771.375 0
200 426 778.125 0
200 436 778.125 0
200 563 721.708 0
200 659 778.125 0
200 753 721.708 0
200 852 721.708 0
200 929 721.708 0
201 106 293.958 0
201 111 244.708 0
201 128 272.792 0
201 138 814.708 0
201 146 293.583 0
201 163 262 0
201 167 293.583 0
201 173 181.25 0
201 178 221.875 0
201 277 221.875 0
201 280 289.75 0
201 313 101.125 0
201 317 156.042 0
201 378 148.875 0
201 388 148.875 1
201 390 221.875 0
201 608 221.875 0
201 627 221.875 0
201 691 186.042 0
201 740 221.875 0
201 773 221.875 0
201 780 148.875 0
201 940 221.875 0
201 958 148.875 0
201 969 154.875 0
201 978 293.583 0
202 108 112.083 1
203 108 634.583 0
204 108 560.917 0
205 111 119.208 1
206 111 96.625 0
206 119 183.083 0
206 173 159 0
206 178 256.458 0
206 224 195.958 0
206 277 256.458 0
206 280 290.5 0
206 313 173.292 0
206 315 281.458 0
206 317 190.625 0
206 378 126.625 1
206 388 126.625 0
206 390 256.458 0
206 445 232.5 0
206 608 256.458 0
206 627 256.458 0
206 691 220.625 0
206 708 186.542 0
206 740 256.458 0
206 773 256.458 0
206 780 126.625 0
206 798 171.625 0
206 817 208.292 0
206 844 240.708 0
206 872 208.292 0
206 933 208.292 0
206 940 256.458 0
206 958 126.625 0
206 969 226.917 0
206 973 183.083 0
207 111 141.917 0
207 119 270.958 0
207 138 814.958 0
207 173 16.0833 0
207 224 283.833 0
207 280 209.958 0
207 313 163.958 0
207 317 285.542 0
207 378 46.0833 0
207 388 46.0833 0
207 473 279.667 0
207 706 218 0
207 708 231.375 0
207 780 46.0833 1
207 798 259.5 0
207 817 296.167 0
207 872 296.167 0
207 933 296.167 0
207 958 46.0833 0
207 969 294.333 0
207 973 270.958 0
208 111 609.5 0
209 111 604.458 0
210 111 813.458 0
210 173 732.708 0
210 178 813.958 0
210 277 813.958 0
210 313 572.458 0
210 317 682.292 0
210 378 667.958 0
210 388 667.958 0
210 390 813.958 0
210 608 813.958 0
210 627 813.958 0
210 691 742.292 0
210 740 813.958 0
210 773 813.958 0
210 780 667.958 0
210 940 813.958 0
210 958 667.958 0
210 969 679.958 0
211 111 755.75 0
211 119 995.833 0
211 173 504.083 0
211 313 976.25 0
211 317 1010.92 0
211 378 564.083 0
211 388 564.083 0
211 708 1002.75 0
211 780 564.083 0
211 798 972.917 0
211 958 564.083 0
211 973 995.833 0
212 111 555.917 0
213 112 144.5 0
213 757 144.5 0
214 112 144.5 0
214 757 144.5 0
215 112 372.167 1
215 757 372.167 0
216 112 589.417 0
216 757 589.417 0
217 112 454.833 0
217 757 454.833 0
218 112 433.375 0
218 757 433.375 0
219 112 451.542 0
219 757 451.542 0
220 112 772.042 0
220 757 772.042 0
221 112 671.417 0
221 757 671.417 0
222 112 900.25 0
222 757 900.25 0
223 116 224.958 0
223 147 190.625 0
223 233 130.917 0
223 253 176.5 0
223 291 224.958 0
223 312 109.083 0
223 324 90.0417 1
223 434 205.375 0
223 440 113.125 0
223 491 193.458 0
223 506 224.958 0
223 507 224.958 0
223 529 129.792 0
223 539 224.958 0
223 611 151.875 0
223 644 224.5 0
223 648 224.958 0
223 699 151.875 0
223 729 116.792 0
223 774 151.875 0
223 781 224.958 0
223 812 193.458 0
223 820 109.083 0
223 842 230.125 0
223 863 113.125 0
223 875 113.125 0
223 877 229.625 0
223 960 190.625 0
223 961 191.75 0
223 964 173.5 0
224 116 244.583 0
224 233 183.292 0
224 236 189.5 0
224 258 185.792 0
224 276 152.958 0
224 291 244.583 0
224 299 189.5 0
224 324 196.167 0
224 399 189.5 0
224 413 152.958 0
224 440 223.917 0
224 489 119.5 0
224 491 49.75 1
224 506 244.583 0
224 507 244.583 0
224 529 231.792 0
224 530 185.792 0
224 616 162.917 0
224 648 244.583 0
224 781 244.583 0
224 796 119.5 0
224 812 49.75 0
224 831 119.5 0
224 863 223.917 0
224 871 152.958 0
224 873 152.958 0
224 875 223.917 0
224 877 85.9167 0
224 927 189.5 0
224 964 154.917 0
225 119 270.125 0
225 125 21 1
225 146 245.5 0
225 167 245.5 0
225 177 188.333 0
225 224 231.208 0
225 256 188.458 0
225 298 160.125 0
225 300 160.125 0
225 325 246.292 0
225 364 92.375 0
225 370 226.875 0
225 381 160.125 0
225 403 21 0
225 411 160.125 0
225 418 188.333 0
225 428 160.125 0
225 430 273.833 0
225 452 21 0
225 471 92.375 0
225 662 213.167 0
225 688 188.333 0
225 730 254 0
225 734 231 0
225 759 92.375 0
225 783 213.167 0
225 826 216.667 0
225 849 273.833 0
225 973 270.125 0
225 978 245.5 0
226 125 52.9583 0
226 177 220.292 0
226 224 263.167 0
226 256 158.375 0
226 298 162.167 0
226 300 162.167 0
226 325 216.208 0
226 341 265.792 0
226 364 62.2917 0
226 370 196.792 0
226 381 162.167 0
226 387 265.792 0
226 403 52.9583 1
226 411 162.167 0
226 418 220.292 0
226 428 162.167 0
226 430 275.875 0
226 452 52.9583 0
226 471 62.2917 0
226 483 265.792 0
226 547 272.125 0
226 574 265.792 0
226 662 208.542 0
226 688 220.292 0
226 730 223.917 0
226 734 262.958 0
226 759 62.2917 0
226 783 208.542 0
226 826 186.583 0
226 865 265.792 0
227 125 686.625 0
227 146 850.292 0
227 167 850.292 0
227 177 764.208 0
227 364 829.375 0
227 403 686.625 0
227 418 764.208 0
227 452 686.625 0
227 471 829.375 0
227 662 809.042 0
227 688 764.208 0
227 759 829.375 0
227 783 809.042 0
227 978 850.292 0
228 125 761.75 0
228 177 656.333 0
228 403 761.75 0
228 418 656.333 0
228 452 761.75 0
228 547 728.583 0
228 662 701.167 0
228 688 656.333 0
228 783 701.167 0
228 978 742.417 0
229 125 842.708 0
229 152 773.792 0
229 156 773.792 0
229 256 713.792 0
229 341 708.375 0
229 364 664.042 0
229 370 659.375 0
229 387 708.375 0
229 403 842.708 0
229 452 842.708 0
229 471 664.042 0
229 483 708.375 0
229 556 831.375 0
229 574 708.375 0
229 759 664.042 0
229 865 708.375 0
229 902 731.542 0
230 125 745.625 0
230 364 764.292 0
230 403 745.625 0
230 452 745.625 0
230 471 764.292 0
230 759 764.292 0
231 125 430.917 0
231 364 449.583 0
231 370 472.667 0
231 403 430.917 0
231 452 430.917 0
231 471 449.583 0
231 759 449.583 0
232 128 81.5833 1
233 138 389.958 0
233 497 169.083 0
233 671 169.083 0
234 138 530.375 0
234 497 169.083 0
234 671 169.083 0
235 138 596.417 0
235 280 189.042 0
235 497 224.292 1
235 671 224.292 0
236 138 667.208 0
236 497 338.167 0
236 671 338.167 1
237 138 985.833 0
237 497 561.5 0
237 671 561.5 0
238 138 1085.58 0
238 497 579.167 0
238 671 579.167 0
239 138 1248.83 0
240 147 538.583 0
240 253 646.833 0
240 324 452.917 0
240 440 499.083 0
240 529 532.417 0
240 611 702.25 0
240 699 702.25 0
240 729 506.417 0
240 774 702.25 0
240 863 499.083 0
240 875 499.083 0
240 960 538.583 0
241 147 601.167 0
241 253 531.25 0
241 324 358.333 0
241 440 404.5 0
241 529 437.833 0
241 611 482 0
241 699 482 0
241 729 411.833 0
241 774 482 0
241 863 404.5 0
241 875 404.5 0
241 960 601.167 0
241 964 525.25 0
242 147 1123.04 0
242 253 1285.42 0
242 324 932.042 0
242 440 1001.29 0
242 529 1051.29 0
242 729 1012.29 0
242 863 1001.29 0
242 875 1001.29 0
242 960 1123.04 0
243 147 820.208 0
243 960 820.208 0
244 149 232.792 1
244 361 232.792 0
245 149 172.833 0
245 361 172.833 1
245 578 398.083 0
246 152 81.0833 0
246 156 81.0833 0
246 451 203.333 1
246 493 158.833 0
246 556 109.875 0
247 152 145.083 0
247 156 145.083 0
247 370 181.167 1
247 556 173.875 0
248 152 97.125 1
248 156 97.125 0
249 152 90.125 0
249 156 90.125 1
250 152 621.25 0
250 156 621.25 0
250 451 1113.46 0
250 493 385.917 0
250 556 288 0
251 152 224.875 0
251 156 224.875 0
251 451 386.75 0
251 493 380.375 0
251 556 282.458 0
252 152 770.208 0
252 156 770.208 0
253 152 435.625 0
253 156 435.625 0
254 152 405.167 0
254 156 405.167 0
255 152 398.167 0
255 156 398.167 0
256 152 904.167 0
256 156 904.167 0
257 163 152.542 1
258 169 60.7083 1
259 173 203.042 1
260 173 611.083 0
260 313 795.583 0
260 378 671.083 0
260 388 671.083 0
260 780 671.083 0
260 958 671.083 0
261 173 508.625 0
261 378 568.625 0
261 388 568.625 0
261 780 568.625 0
261 958 568.625 0
262 174 74.5833 1
263 174 264.208 0
263 224 297.75 0
263 226 294.208 0
263 257 79.7917 1
263 298 167.458 0
263 300 167.458 0
263 381 167.458 0
263 411 167.458 0
263 416 294.208 0
263 428 167.458 0
263 430 79.7917 0
263 445 265.125 0
263 536 294.208 0
263 689 249.875 0
263 697 294.208 0
263 701 294.208 0
263 734 192.167 0
263 819 187.75 0
263 849 79.7917 0
263 905 294.208 0
263 925 294.208 0
263 932 262.75 0
263 962 159.75 0
264 174 207.417 0
264 224 262.542 0
264 226 237.417 0
264 227 250.333 0
264 257 23 0
264 298 188.625 0
264 300 188.625 0
264 381 188.625 0
264 411 188.625 0
264 416 237.417 0
264 428 188.625 0
264 430 23 1
264 445 208.333 0
264 492 270.333 0
264 536 237.417 0
264 666 270.333 0
264 689 239.417 0
264 697 237.417 0
264 701 237.417 0
264 734 160.958 0
264 817 248.417 0
264 819 130.958 0
264 841 270.333 0
264 849 23 0
264 872 248.417 0
264 905 237.417 0
264 925 237.417 0
264 932 252.292 0
264 933 248.417 0
264 962 149.292 0
265 174 617.042 0
266 174 592.667 0
267 174 680.083 0
268 174 377.625 0
269 174 389.167 0
270 174 477.333 0
271 174 613.625 0
271 226 673.625 0
271 416 673.625 0
271 536 673.625 0
271 689 667.458 0
271 697 673.625 0
271 701 673.625 0
271 905 673.625 0
271 925 673.625 0
272 174 685.917 0
272 226 745.917 0
272 416 745.917 0
272 492 811.75 0
272 536 745.917 0
272 666 811.75 0
272 697 745.917 0
272 701 745.917 0
272 819 813.833 0
272 841 811.75 0
272 905 745.917 0
272 925 745.917 0
273 174 296.792 0
273 226 356.792 0
273 340 422.625 0
273 416 356.792 0
273 492 422.625 0
273 536 356.792 0
273 666 422.625 0
273 697 356.792 0
273 701 356.792 0
273 808 422.625 0
273 819 424.708 0
273 841 422.625 0
273 905 356.792 0
273 925 356.792 0
273 962 525.125 0
274 174 1136.21 0
275 174 943.25 0
276 174 986.25 0
277 174 1083.13 0
277 226 1173.13 0
277 416 1173.13 0
277 536 1173.13 0
277 697 1173.13 0
277 701 1173.13 0
277 905 1173.13 0
277 925 1173.13 0
278 176 143.667 1
279 182 92.4583 1
280 186 127.708 1
281 191 141.542 0
281 500 165.958 1
281 684 571.333 0
281 832 132.708 0
282 191 123.542 1
282 684 536.542 0
282 832 114.708 0
283 191 403.333 0
283 832 385.667 0
284 191 809.542 0
284 500 858.375 0
284 832 791.875 0
285 191 955.333 0
285 832 937.667 0
286 191 1245.21 0
286 832 1218.71 0
287 201 1078.54 0
287 232 1078.54 0
287 397 1078.54 0
287 654 1078.54 0
287 864 1078.54 0
288 201 829.583 0
288 232 829.583 0
288 397 829.583 0
288 654 829.583 0
288 864 829.583 0
289 205 85.25 1
290 205 435.542 0
291 221 56.8333 1
292 221 610 0
293 221 303 0
294 221 572.417 0
295 221 198.333 0
296 221 670.958 0
297 221 714.25 0
298 221 1279.96 0
299 221 998.75 0
300 223 41 1
301 227 135.958 1
302 243 69.75 1
303 249 92.4167 1
304 249 825.5 0
305 256 70.625 1
306 256 334.375 0
307 280 67.4583 1
308 280 148.083 0
308 473 187.458 0
308 706 202 0
309 280 461.125 0
310 280 784.25 0
311 280 809.083 0
312 280 516.417 0
313 280 481.167 0
314 280 584.042 0
315 280 260.917 0
315 473 339.667 0
315 706 368.75 1
316 280 677.792 0
316 473 756.542 0
317 280 642.542 0
317 473 721.292 0
318 280 850 0
319 280 1131.58 0
320 280 1096.33 0
321 280 1062.58 0
321 473 1180.71 0
322 280 1643.88 0
323 286 90.1667 1
324 286 504.292 0
325 286 318.458 0
326 286 597.625 0
327 286 188.083 0
328 286 865.333 0
329 286 641.417 0
330 286 1233.75 0
331 286 730 0
332 286 1041.21 0
333 295 92.7917 1
334 295 431.75 0
335 295 512.125 0
336 295 1227.54 0
337 305 138.167 1
338 305 458.042 0
339 305 784.333 0
340 313 154.375 1
341 313 571.792 0
342 313 454.5 0
343 313 629.458 0
344 317 81.6667 1
345 324 729.167 0
345 440 775.333 0
345 491 519.167 0
345 812 519.167 0
345 863 775.333 0
345 875 775.333 0
345 877 591.5 0
345 964 729.5 0
346 325 104.667 1
347 331 139.708 1
348 334 125.167 1
349 337 93.2917 1
350 337 562.167 0
351 337 818.333 0
352 337 703.875 0
352 341 696.958 0
352 387 696.958 0
352 483 696.958 0
352 574 696.958 0
352 865 696.958 0
353 359 136.917 1
354 359 443.25 0
355 359 547.75 0
355 801 607.75 0
356 383 542.833 0
356 473 188.708 1
357 383 168.792 1
358 383 692.333 0
359 383 1094.38 0
360 403 716.958 0
360 452 716.958 0
361 422 70.25 1
362 423 165.5 1
363 423 560.083 0
364 427 108.542 1
365 430 668.625 0
365 849 668.625 0
366 490 131.542 1
367 490 491.458 0
368 493 621.917 0
368 556 524 0
369 493 832.25 0
369 556 685.375 0
370 497 960.75 0
370 671 960.75 0
371 510 104.083 1
372 510 375.875 0
373 510 636.708 0
374 516 74.9167 1
375 516 899.208 0
376 529 64.0833 1
377 529 584.958 0
378 529 609.125 0
379 529 481.833 0
380 529 427.333 0
381 529 1054.63 0
382 529 900.708 0
383 529 959.583 0
384 547 75.2083 1
385 547 819.458 0
386 556 78.0833 1
387 556 407.625 0
388 556 723.458 0
389 556 586.875 0
390 556 864.458 0
391 564 858.208 0
391 631 667.708 0
391 698 572.708 0
391 735 791.208 0
391 742 791.208 0
391 763 572.708 0
392 583 126.083 1
393 585 63.875 1
394 585 63.875 0
394 941 193.375 1
395 585 507.625 0
396 585 589.667 0
397 585 769.792 0
398 585 637.292 0
399 585 1128.62 0
400 600 144.333 0
400 722 144.333 1
401 600 194.167 1
401 722 194.167 0
402 600 671.167 0
402 722 671.167 0
403 601 71.5 1
403 652 565.583 0
404 601 482.167 0
405 631 787.458 0
405 698 692.458 0
405 763 692.458 0
406 641 97.5 1
407 676 87.875 0
408 676 175.75 1
409 689 628.708 0
410 689 589 0
411 695 62.5 1
412 695 581.625 0
413 698 818 0
413 763 818 0
414 698 376.542 0
414 763 376.542 0
415 700 81.0833 1
416 700 558.5 0
417 700 773.583 0
418 700 411.375 0
419 700 856.042 0
420 702 125.167 1
421 702 653.208 0
422 702 756.5 0
423 730 64.5417 1
424 730 630.208 0
425 730 763.625 0
426 730 760.917 0
427 734 130.875 1
428 734 470.792 0
429 734 776 0
430 792 116.083 1
431 798 135.167 1
432 826 116.583 1
433 826 757.542 0
434 826 503.917 0
435 826 534.458 0
436 832 125.333 1
437 832 594.417 0
438 832 469.208 0
439 832 616.5 0
440 832 878.417 0
441 894 119.417 1
442 894 588.458 0
443 902 96 1
444 902 639.917 0
445 902 482.208 0
446 902 1273.08 0
447 932 685.917 0
